img-78_jpg.rf.01130ebf73370c115ee9de4fc1f29be5.jpg 283,271,484,442,0 145,170,201,250,0
img-380_jpg.rf.0211b9d66b12bdee8d05b9ba890573dc.jpg 53,38,392,241,0
img-80_jpg.rf.02752f42e0f4bc24481a8d9d938a7569.jpg 215,225,448,420,0
img-561_jpg.rf.00e55aff1b67a607a6631ac6a05bf7af.jpg 175,37,211,51,0 189,4,246,24,0 278,0,399,160,0 19,86,297,190,0 60,200,178,299,0 1,230,43,254,0 162,56,190,75,0 123,69,159,86,0 338,162,399,192,0
img-235_jpg.rf.030dcf4264c55859ef30294c84f77482.jpg 227,196,502,463,0
img-664_jpg.rf.0392cc4f0a63d256e7c42f057345f8b5.jpg 0,56,376,226,0
img-162_jpg.rf.0459e44683fd65132e9e2558f7cfcc6a.jpg 220,245,479,385,0
img-110_jpg.rf.0390f81a2c5b2ad5676a8eb5b043d743.jpg 223,289,637,410,0 81,183,179,210,0
img-566_jpg.rf.04baef7f164a924d84511224f7b46b8a.jpg 233,51,267,63,0 217,31,246,43,0 239,119,277,146,0 295,103,343,130,0 342,207,380,236,0 187,171,231,196,0 134,94,152,105,0 121,84,138,96,0 88,117,125,139,0 81,153,123,187,0
img-31_jpg.rf.04f6a2c9ec048f70c2faeb7e4193784d.jpg 228,279,438,410,0
img-320_jpg.rf.0765b31c7ff97bf3c391782c13bb9818.jpg 33,102,643,229,0 275,22,361,57,0
img-240_jpg.rf.06da3127a48b2f044201c9b2f9755109.jpg 280,242,455,456,0 331,27,366,55,0 383,43,419,58,0 386,22,425,41,0
img-1_jpg.rf.04766deb9036fc43721c26f431c3eb3d.jpg 212,239,524,377,0
img-640_jpg.rf.07e03157df4d66c761b4b8c3a4418cb9.jpg 65,130,302,241,0
img-268_jpg.rf.08736c012f711f24b023c914e4205149.jpg 257,194,493,413,0
img-428_jpg.rf.087cca8e9d34735c3cd1289956c36b71.jpg 86,290,196,340,0 60,211,117,233,0 156,190,209,211,0 158,158,190,170,0 122,157,155,166,0 142,132,180,140,0
img-281_jpg.rf.09e7fcea8709dc8bd7d799bd346b3d0f.jpg 157,234,574,391,0
img-103_jpg.rf.09abf1a8e3477718e143255af3534d29.jpg 263,250,478,365,0
img-620_jpg.rf.077f5547cc7daeccf1aa61fd6ca2f0a4.jpg 52,209,408,270,0 493,223,533,237,0
img-533_jpg.rf.0a1292d1f04bbf45d8846532b3ad0eb8.jpg 271,103,329,128,0 171,120,231,136,0 0,170,412,299,0
img-652_jpg.rf.0590f1d28a51cd3ae140c3b7c8a35e19.jpg 132,194,422,296,0 0,149,193,228,0 0,106,110,141,0
img-198_jpg.rf.0b1cb1e07fefe54965584465087f960a.jpg 193,223,348,276,0 139,272,366,355,0 300,355,350,395,0 369,377,599,482,0
img-431_jpg.rf.0a68887499a4ed36c65f33a890a83afd.jpg 91,175,176,205,0 118,196,434,254,0 272,255,532,299,0 109,280,203,298,0
img-53_jpg.rf.0a3288162e47d617b9108c8b7027f362.jpg 212,247,457,463,0 579,445,669,572,0
img-577_jpg.rf.0b2614262552a9d5aef5b1c24ac4d748.jpg 36,153,234,233,0 103,119,140,131,0 34,240,95,299,0 273,193,341,236,0 312,241,353,282,0 360,226,418,269,0 358,181,436,217,0 365,145,478,188,0 321,125,362,149,0 338,109,401,130,0 253,140,323,184,0 213,116,247,137,0 431,218,479,258,0 221,203,252,236,0
img-534_jpg.rf.0e6dc3d1cfb351bc4a784ef45b77e29b.jpg 147,165,183,175,0 0,238,52,255,0 174,244,335,289,0 252,165,399,179,0 183,127,278,142,0
img-622_jpg.rf.0de72c0dc080b1c68cc7573ef9e7d9aa.jpg 95,80,315,197,0 316,146,553,299,0 482,119,522,150,0 447,71,501,102,0 402,83,462,127,0 354,20,400,54,0 275,5,337,20,0 194,15,228,34,0
img-291_jpg.rf.0c1b9f687f136c9b1970efaa75d32231.jpg 65,187,388,299,0
img-4_jpg.rf.11ae6e7fa2785e9062e1dd8c234333d9.jpg 176,272,575,538,0
img-510_jpg.rf.123e51756929d8babd5c1cd39b0edcad.jpg 170,149,232,177,0 191,123,236,143,0 258,139,298,155,0 319,146,360,162,0 323,105,363,124,0 399,106,436,128,0 235,180,326,223,0 270,232,332,274,0 478,23,573,52,0 264,50,328,67,0 183,79,223,92,0 138,56,176,72,0 108,72,141,88,0 49,81,106,100,0 108,103,164,127,0 185,93,217,106,0 420,67,454,80,0
img-351_jpg.rf.123b3f4e806dcfb111186da693c996c9.jpg 0,100,467,299,0
img-653_jpg.rf.0f72804027539a5d8568596a63951912.jpg 0,56,86,125,0 59,0,123,13,0 51,79,378,258,0
img-446_jpg.rf.0f94b72ee4208b8b4b64ecb5bb046bda.jpg 187,105,222,115,0 181,94,205,104,0 160,88,181,94,0 170,133,204,141,0 177,143,243,162,0 187,173,314,217,0 167,241,213,265,0 239,260,304,299,0
img-279_jpg.rf.126ee458fab6a3983e7336bd4408e701.jpg 301,290,440,416,0
img-660_jpg.rf.136a06754370aa1b86ee084c9ae6da5f.jpg 211,225,287,273,0
img-514_jpg.rf.1420b37cfd4c94e8f691c667c989a5f4.jpg 150,155,189,179,0 121,134,153,151,0 108,112,149,135,0 68,140,113,167,0 207,132,225,142,0 93,222,222,362,0
img-208_jpg.rf.137d967b7b8672f47e86429a98b89252.jpg 286,157,445,293,0 414,367,532,510,0 270,436,418,583,0
img-389_jpg.rf.14f171b109308eeab6e83e7795c11016.jpg 173,95,264,122,0 324,99,437,114,0 253,69,318,77,0 199,132,240,149,0 1,159,242,299,0
img-447_jpg.rf.12ad904248518608161ea94123c2d60a.jpg 41,115,299,265,0
img-538_jpg.rf.14ed12805bf86f1eb7a5cb9da970b755.jpg 124,94,417,274,0
img-504_jpg.rf.1525b6fecee461da4196b8e4c10cb555.jpg 233,54,282,80,0 242,106,337,162,0 70,154,344,259,0
img-568_jpg.rf.16fab8adbb7580a03dddd4f458212d4c.jpg 112,101,267,167,0 89,80,134,100,0
img-102_jpg.rf.16c56ff8f761aec963d9b57aa1b2d3fd.jpg 229,245,491,549,0
img-365_jpg.rf.164b210367824d2f385b0619f236abf4.jpg 425,118,486,134,0 410,134,570,184,0 0,135,347,242,0 429,222,570,299,0
img-231_jpg.rf.1834b79b17ce894fbdc7c5334407d877.jpg 244,218,482,389,0 335,66,421,96,0
img-453_jpg.rf.17e48aa652a50a8bc9d06d3ded580033.jpg 109,177,299,296,0
img-287_jpg.rf.19a805e3a1845683bb4f47af51b8de37.jpg 14,89,352,281,0
img-299_jpg.rf.175bd48885a00ca91af2cde359d324ba.jpg 200,36,316,120,0 40,122,244,290,0 14,0,177,73,0
img-426_jpg.rf.18bab6ba48f960ed751cb35d1f628523.jpg 0,51,437,271,0
img-583_jpg.rf.1bc1beae7fba61be76c754940edf7c6a.jpg 337,93,495,153,0
img-216_jpg.rf.1a3dd495b3e6ba5f9cc43cec992021d7.jpg 299,283,482,374,0 256,135,401,222,0 455,439,552,493,0
img-84_jpg.rf.220a0bb7cdb0d030acdaaeb8724ed36d.jpg 208,234,350,339,0 268,343,384,437,0 73,602,222,715,0
img-427_jpg.rf.2031f93af77c47391e2b6963f7536621.jpg 42,74,240,180,0
img-55_jpg.rf.1b8af76b80e22349171b71e533fa126d.jpg 95,451,171,502,0 149,394,246,447,0 289,305,472,418,0 403,168,476,221,0 0,26,200,140,0
img-83_jpg.rf.1c7a57b033ede2a3e95532df258578d4.jpg 275,262,467,473,0
img-177_jpg.rf.218561bceb58b04e0bf46a7c297179a0.jpg 254,247,443,365,0
img-61_jpg.rf.2000a63661f2976215d740c84a7fa546.jpg 276,264,400,340,0
img-319_jpg.rf.22b65d4f7c9aa300d0878e9424a40d67.jpg 70,135,235,211,0
img-5_jpg.rf.22d6ac3fcee8b8da274f6c1d625215e2.jpg 232,314,527,411,0 124,452,211,506,0
img-163_jpg.rf.232bf43b16b71f5c5581f7d908e3e253.jpg 256,281,516,486,0 661,215,719,266,0
img-100_jpg.rf.233751cac3399aa80b5e58a2afbb753a.jpg 234,271,433,387,0
img-570_jpg.rf.23478ec934f8e2d0ff5838c3124d89f2.jpg 284,125,364,171,0 231,187,321,215,0 157,263,214,299,0 415,213,471,239,0 348,38,395,73,0
img-180_jpg.rf.23e2fffafadf7ef2741d68402213261b.jpg 217,278,506,420,0
img-612_jpg.rf.246d9a359d2add666e99da37d8590d5c.jpg 18,116,304,253,0 225,58,271,73,0 220,95,261,110,0 313,88,359,102,0
img-326_jpg.rf.25f754ec5e29d2861ed7c05c1129a4dc.jpg 94,50,299,200,0
img-181_jpg.rf.27e6333bebd7c84f8b89871c21b1608b.jpg 290,332,465,454,0
img-391_jpg.rf.27e945dce7258e1d272a2a273b02ef08.jpg 295,213,337,243,0 133,83,289,182,0 75,64,152,100,0 16,49,54,72,0 0,27,21,42,0
img-456_jpg.rf.2907a3b901643efa6b8abd6d9d201b86.jpg 106,143,402,204,0
img-203_jpg.rf.29fcf9b56cd28acd7b8f97d171463785.jpg 184,295,424,402,0 618,301,683,365,0 396,230,597,324,0
img-367_jpg.rf.299c5300a46524bfd3b2ae5e2a7398e8.jpg 149,80,257,209,0
img-646_jpg.rf.26acf4b2f9f7b0e0935e30c10b22de66.jpg 142,173,396,243,0
img-655_jpg.rf.2a815e4e1eacc4b38e0f61a883f60211.jpg 0,186,187,275,0 101,83,282,150,0 0,54,143,132,0 166,43,245,67,0 315,26,533,89,0 295,86,462,138,0 365,169,533,274,0 0,24,117,52,0
img-450_jpg.rf.2a5241c5070556dedad85c9642d81858.jpg 90,81,313,167,0
img-451_jpg.rf.2a8100252c943091f22453f4d7793a28.jpg 328,209,371,237,0 214,165,321,236,0 158,179,213,208,0
img-638_jpg.rf.2a8faf540acd84c4eba228bf828631be.jpg 21,26,488,271,0
img-189_jpg.rf.2afafdf425170ac8e1cbb58c488c4c4a.jpg 260,277,467,411,0
img-569_jpg.rf.2b1c4b01aeb0f3c6b2f853c7b121fa62.jpg 157,123,241,145,0 150,155,277,189,0
img-496_jpg.rf.2c704dcb336ff2900ab1082067367d75.jpg 0,105,464,299,0
img-551_jpg.rf.2b6aca4deb8d05243dbefe85f26bbcf3.jpg 313,156,360,175,0 435,194,525,220,0 397,159,433,181,0 367,126,389,139,0 290,106,327,119,0 327,201,371,222,0 340,113,367,120,0
img-251_jpg.rf.2e205a42d00f6497563dedaba7387613.jpg 212,290,576,522,0
img-144_jpg.rf.2e98a93812eee1ad65ad7e3f9f5620ad.jpg 258,353,428,463,0 30,200,102,245,0
img-513_jpg.rf.2d62e3be85f489e3bc9060023ee2ea8f.jpg 42,93,308,181,0
img-16_jpg.rf.3018a4883623e53e929435fc084c2200.jpg 257,278,451,459,0
img-515_jpg.rf.3067bb2cb196b47aae9fbfa1af6261e4.jpg 100,66,313,215,0
img-310_jpg.rf.30a2a42ac01cf4b630874592f4d801ef.jpg 143,137,251,162,0 340,99,413,117,0 148,158,416,273,0
img-436_jpg.rf.319891088041e59c31bb3d55aad586e3.jpg 483,183,526,197,0 375,167,461,196,0 299,155,345,181,0 238,146,301,181,0 251,127,275,140,0 162,134,212,147,0 108,187,308,233,0
img-610_jpg.rf.303b62652c5bf84b706fe1002f863b2f.jpg 101,211,236,281,0 124,146,194,171,0 60,156,105,174,0 0,210,68,237,0
img-113_jpg.rf.31b41591a5e0c7b0aa02e133e79e1e2a.jpg 89,141,594,458,0
img-142_jpg.rf.324ee78ee3122e5a751d32198a2e11cb.jpg 180,298,537,396,0
img-248_jpg.rf.372df8d99477b8990af9995308c81215.jpg 124,246,474,420,0 580,49,719,105,0 211,43,332,82,0
img-531_jpg.rf.336a27c3846e69f905fb235a9a58a4bc.jpg 117,194,160,210,0 173,186,231,209,0 155,207,207,228,0 140,229,207,262,0 167,173,213,186,0 140,170,190,177,0 145,156,160,164,0 74,273,140,299,0 143,261,283,298,0
img-136_jpg.rf.3372e97742e4ded8b208f90043981012.jpg 289,260,399,389,0
img-66_jpg.rf.356b50eb43676369ecee335108c3709f.jpg 243,197,484,466,0 413,211,503,305,0 373,26,434,65,0 58,29,121,51,0 136,46,206,118,0 286,159,319,184,0
img-376_jpg.rf.39c24ad78c32a6c855e8bbe60ad04d1f.jpg 157,163,234,184,0 318,185,385,210,0
img-406_jpg.rf.39cc95c25d12800f852e45989ec1803e.jpg 73,41,453,281,0
img-176_jpg.rf.36e2a3416c78152aeb6ea6f1a20e2ea9.jpg 256,282,453,400,0 62,266,172,336,0
img-429_jpg.rf.388ca2fa7461b636f9a349bee8fcafbc.jpg 51,67,485,188,0 40,219,210,287,0
img-19_jpg.rf.399478ab1a20c3fcb63dc9e3d5c425f5.jpg 269,226,416,338,0 161,394,296,485,0
img-230_jpg.rf.39bac5bc33e3e0f64de17664289ec867.jpg 250,319,474,440,0 421,130,507,163,0 200,119,271,143,0
img-289_jpg.rf.39d1543a1cab281dc5febdc1a16c9a4b.jpg 90,274,197,390,0
img-633_jpg.rf.3a6adcebf0215036565a568ea9d8a870.jpg 56,73,366,183,0
img-448_jpg.rf.3cd8bfd600d889108a52dedda6f617cc.jpg 13,153,340,284,0 282,219,434,299,0 382,137,415,155,0
img-318_jpg.rf.3cdda5b6cffa77075c11b9bdfd8cf26f.jpg 126,194,411,284,0
img-445_jpg.rf.3ce61abb7f716b154c85baf505ebf533.jpg 72,107,351,228,0 130,25,192,39,0
img-260_jpg.rf.3acd135908f14f0e9f68192fa13ea465.jpg 196,271,448,377,0
img-645_jpg.rf.3bc2572b38ae76168880ecd94fc970c5.jpg 170,226,383,288,0
img-85_jpg.rf.3d157a70f444d84a006039b9114b726b.jpg 230,288,382,380,0 440,291,509,356,0
img-81_jpg.rf.3cde6b9acba84f64ef59722240cb6fd6.jpg 234,326,525,463,0 236,242,377,324,0
img-594_jpg.rf.3d9a20acdc1aea9ccb25d694f7cdbbec.jpg 21,58,86,82,0 119,7,178,33,0 331,3,378,22,0 57,98,145,141,0 125,79,167,99,0 194,119,388,171,0
img-262_jpg.rf.3db190e680343ed338296042b9f5e3a4.jpg 275,262,376,348,0
img-385_jpg.rf.3e1cef7e8251f4c7a1abbafd5ec599bc.jpg 32,72,440,277,0
img-553_jpg.rf.3d751837334ee73ff7a2450529875ff1.jpg 219,92,251,102,0 64,129,252,230,0
img-420_jpg.rf.3e311b9bdc9b3932e270f5402d4e4529.jpg 67,105,351,214,0
img-296_jpg.rf.3e33f2944f9d71c053850d09577d220d.jpg 14,18,509,299,0
img-357_jpg.rf.3fa531a04a46be8fbe22849b9bceead6.jpg 99,125,349,212,0
img-433_jpg.rf.3e3f8c9689f1e9f3068c86c1c0295c8f.jpg 137,84,275,198,0 57,6,170,90,0
img-192_jpg.rf.41da280cd625ff7e2b15dde2afb0c11a.jpg 275,293,414,396,0
img-637_jpg.rf.423e2e41b34b195a5c91a86f3fcad9e1.jpg 142,56,190,67,0 99,231,156,254,0
img-327_jpg.rf.42714a663bc342d0dc175ebab152356d.jpg 20,117,137,157,0 128,53,465,232,0
img-97_jpg.rf.4289b6d75214d9d3dcbf17f94867a0f0.jpg 244,262,476,347,0 187,165,311,183,0 150,86,236,126,0
img-628_jpg.rf.42b86eabd12459c1fcdde71b964b4513.jpg 113,58,329,219,0
img-183_jpg.rf.4358b5ae9b05895a41d00d84a0e17ec7.jpg 174,223,488,465,0
img-170_jpg.rf.448c70ae76619d82c629389410701f9c.jpg 329,242,428,290,0 229,494,376,588,0
img-358_jpg.rf.443b2ea93c68765f0fe6722fa937cd6c.jpg 3,136,89,186,0 96,123,342,219,0
img-149_jpg.rf.44eff0efcbd1ccfa08da8768642f71c9.jpg 194,232,505,350,0
img-273_jpg.rf.473d6e156e61ed75a57253643ab0328f.jpg 293,325,445,389,0 160,577,719,719,0
img-647_jpg.rf.47741041990f3eb84cbc316d5d91642d.jpg 188,82,385,264,0
img-257_jpg.rf.48ba1caa7a209835d7b6d35a797b7088.jpg 260,309,414,504,0 424,107,485,142,0
img-12_jpg.rf.473a95f653f8c7227e4bc5c73f8ed19b.jpg 277,372,534,638,0
img-182_jpg.rf.4a3748ca6898a245a5474d963734c12f.jpg 284,286,442,441,0 0,215,98,310,0 416,646,550,719,0
img-563_jpg.rf.49bd84d4290d0c5e02175c91364b6b3e.jpg 203,211,259,251,0 311,37,384,70,0
img-211_jpg.rf.4aa6ae6b2af90b1fff1b5075a215641d.jpg 233,261,531,437,0
img-627_jpg.rf.4a7f140a3fdb2b92c552c1fe3361b5a4.jpg 84,197,213,251,0 382,230,481,261,0
img-21_jpg.rf.4ae2f55eff42580278ecf92ee177fdd1.jpg 243,261,503,533,0 0,594,156,718,0
img-356_jpg.rf.4b2038d60de2fe914265bcb23cf05f89.jpg 84,215,225,286,0
img-616_jpg.rf.4d03aeb93b953e520bcaf53615ff9651.jpg 147,160,168,171,0 92,154,339,239,0 303,120,365,141,0 261,110,284,118,0 419,192,450,215,0
img-517_jpg.rf.4d6d0c5487798a48b5f6008f90a5b768.jpg 298,136,400,172,0 134,190,486,271,0
img-220_jpg.rf.4ffdf8738ac89d5fccf5d1e08c169af8.jpg 192,248,462,422,0 434,627,601,703,0
img-624_jpg.rf.502c75a86b1dad5430ad53cb148b40cd.jpg 70,165,158,200,0 177,194,246,229,0 125,238,184,285,0 290,281,338,299,0 59,142,93,159,0 19,135,56,150,0 127,126,183,142,0 91,128,124,139,0 92,116,111,125,0 304,146,342,156,0 397,148,426,170,0
img-227_jpg.rf.4e7fd2692cefbe4e52f4198d7f8e89ff.jpg 204,204,471,332,0 25,538,719,719,0
img-512_jpg.rf.4f5fad0146d35d6f920f53e3c42aff2b.jpg 92,89,181,129,0 302,93,336,104,0 277,79,317,92,0 145,152,326,241,0 221,244,351,299,0
img-246_jpg.rf.5093ecb9a803a42964980674d3f5d2be.jpg 187,272,436,413,0 297,140,457,256,0
img-247_jpg.rf.506670aed39eb7dd2d892350788582fb.jpg 260,274,448,396,0
img-301_jpg.rf.51e9d06820d0d552e497d66f5981e7a1.jpg 244,176,392,247,0 421,123,533,169,0 490,282,533,299,0 440,197,481,217,0 478,187,532,201,0
img-209_jpg.rf.50a35176830c86029ddfb4d3af626c08.jpg 296,205,506,398,0
img-424_jpg.rf.5178a699e9c56cf7ba61ede4751b6696.jpg 48,92,467,244,0
img-384_jpg.rf.52f9bf925832084c3778e4d0de4dfb56.jpg 145,100,359,258,0 33,53,150,117,0
img-632_jpg.rf.53a3e09948261d887eeda01c232773be.jpg 40,226,131,255,0
img-151_jpg.rf.52e5bb5d308649772ceef0bfcde24f96.jpg 268,268,482,408,0
img-379_jpg.rf.53d08ef1089264ceb2229544ec31f988.jpg 127,165,288,219,0
img-623_jpg.rf.53d9491f77118c981d2204bc45323cf8.jpg 93,50,413,266,0
img-280_jpg.rf.53dd1da4cff0af87558cff72138794e9.jpg 242,279,448,437,0
img-619_jpg.rf.5456a9e84bd2369e8f206f5c19410127.jpg 158,106,347,188,0
img-305_jpg.rf.564405f2ae91fe75f3f54639e295f1e2.jpg 235,137,287,172,0 377,188,483,249,0
img-564_jpg.rf.5698b398c84abd43b6fa425dd1613e78.jpg 162,204,244,242,0 3,173,108,211,0 201,157,303,179,0 313,188,359,205,0 136,123,189,135,0
img-30_jpg.rf.57889ecb807059b4adc0032995228d2a.jpg 265,251,455,482,0 0,178,43,239,0 232,111,280,156,0
img-524_jpg.rf.57fb2d4f1029263048a398c620968aad.jpg 276,217,438,271,0 296,165,384,181,0 353,152,452,179,0 222,131,288,154,0 0,208,194,252,0
img-480_jpg.rf.5878d6196e07fb3c99a93ed5dfe3f272.jpg 148,130,305,230,0 233,236,315,299,0 155,112,213,128,0
img-278_jpg.rf.59aabb4c0e30640a912b669ebad9cd8d.jpg 406,139,497,250,0 209,386,300,506,0
img-572_jpg.rf.574ecb002f88fd6cff3bfe8801094ef4.jpg 192,152,290,174,0 286,153,314,168,0 27,124,61,134,0
img-284_jpg.rf.56a1dfdd07c542ee7af63580db90c1fb.jpg 255,257,455,424,0 159,277,244,451,0
img-117_jpg.rf.56a7e3b29e60b28e25b3f4a3c7817605.jpg 279,269,403,516,0 270,48,378,86,0
img-275_jpg.rf.59c68c48a12960c7ea86163d39f0ea4d.jpg 234,278,547,445,0
img-661_jpg.rf.59e9415bda27ef166e9e0fa652a14b22.jpg 112,124,530,299,0
img-582_jpg.rf.5a67b2d4a4085a2d227651c26648dd80.jpg 28,23,421,275,0
img-213_jpg.rf.5a46fcca214ab83b01c26743a9dc3e72.jpg 243,237,471,439,0
img-585_jpg.rf.5affd0b2859d074e9e52f8540e31ce8d.jpg 121,90,295,135,0 43,95,102,112,0 79,22,217,74,0 187,7,262,20,0 0,197,382,299,0
img-59_jpg.rf.5b0be5064b3641271cd16f2fc35f840f.jpg 217,236,521,410,0 248,455,425,566,0
img-409_jpg.rf.5cdc33b00522ed3ddf0e43a2f1720c83.jpg 11,185,106,238,0 169,63,412,144,0 273,188,341,257,0
img-500_jpg.rf.5d3d23bc89581151be590a39424e1913.jpg 171,186,299,235,0 84,165,160,226,0
img-578_jpg.rf.5debbb9d599b351e32b855f0a443b0a1.jpg 101,60,377,259,0
img-509_jpg.rf.5bcf3d06847c789c6ffddd4d68666c6e.jpg 228,184,332,299,0 332,158,450,234,0 481,225,519,253,0 302,89,370,118,0 233,82,285,103,0 188,102,334,162,0 319,131,355,148,0 288,142,315,155,0 36,114,202,253,0
img-137_jpg.rf.5c3cf778bb884760e276baacc8372f66.jpg 298,278,460,420,0
img-654_jpg.rf.5b1781ad998ed69777161157b3edebff.jpg 237,178,380,220,0 269,168,289,176,0 42,42,79,51,0
img-119_jpg.rf.5df904c99a0e765190d9421a4bf04bc6.jpg 187,211,394,388,0 143,596,301,719,0
img-135_jpg.rf.5f0fb06ed79bee89c8378fc74adf59ec.jpg 148,292,519,488,0 513,430,618,508,0 512,52,719,141,0 269,199,353,248,0
img-88_jpg.rf.5f67c703ef1d55215e9362d5496fe1ec.jpg 262,313,390,485,0
img-212_jpg.rf.5f7dc0f25419dc8a67116ce313c83707.jpg 282,255,483,441,0
img-226_jpg.rf.5f9874a019437b70987ae2aa665878b7.jpg 189,324,436,490,0
img-329_jpg.rf.622561b6e0873d93eeedcb6770b851da.jpg 312,242,337,252,0 290,218,323,227,0 460,233,492,249,0 508,262,549,277,0 351,271,373,285,0 378,244,429,252,0
img-152_jpg.rf.621b5126c90ae5176bc3d2415fda4fe8.jpg 260,261,342,305,0 308,312,495,368,0 384,495,507,554,0 469,606,583,691,0 200,628,289,682,0
img-266_jpg.rf.6240ac9750b2791bd481a0cb694b4a3d.jpg 227,262,464,420,0 530,486,589,533,0
img-96_jpg.rf.62cddedc415c7b5c50c459bce49adcc9.jpg 256,305,381,408,0
img-408_jpg.rf.633d54163fde7adb41cbac7bc690b34f.jpg 213,176,288,196,0 270,156,297,165,0 115,218,257,297,0
img-199_jpg.rf.6120711f954526a2c6fa1b94fd7bd4ec.jpg 244,311,426,551,0 419,307,528,401,0
img-223_jpg.rf.5ffeb123361acc79233a82037e058c4c.jpg 326,314,435,427,0
img-592_jpg.rf.6187cc73be9786a0826c78f03b69e072.jpg 89,153,183,199,0 153,29,170,37,0 122,28,141,33,0
img-174_jpg.rf.63afee69864babbb4a21a4b8d2eff7d9.jpg 258,370,532,503,0
img-3_jpg.rf.64d155e488ceaac83020a728ca1f70d1.jpg 272,263,496,467,0
img-315_jpg.rf.654c8e0f66209d380f063ed5bf9d5187.jpg 154,174,328,257,0 13,193,56,219,0 376,123,442,138,0 232,129,256,139,0 366,208,410,225,0
img-321_jpg.rf.663ad0ed3ef90b48f212d451aa82aba9.jpg 0,111,253,251,0
img-349_jpg.rf.6641cef8561560b1437a093be86abf1e.jpg 335,113,380,136,0 60,122,226,225,0 267,174,299,186,0 311,235,341,250,0 296,254,314,264,0 206,78,220,86,0
img-17_jpg.rf.66c2a0fce4e0de3bf1d6d6c6101b1d2e.jpg 123,312,415,506,0 521,238,674,357,0
img-306_jpg.rf.67a9eb5c5890617d59e58e98a0a86d69.jpg 84,111,321,270,0 417,157,532,275,0
img-236_jpg.rf.67dcb4e2f648c09a7c1bdc4e41fcb7ad.jpg 246,230,409,349,0 23,135,138,210,0 277,422,498,618,0
img-608_jpg.rf.6a019b85298c5fdcc6d1cc1377eb42a0.jpg 15,175,256,356,0
img-479_jpg.rf.68af46ff65675c6673f7ab2b3ffffef5.jpg 191,78,503,202,0
img-290_jpg.rf.6942266560522f82066038b541027d9d.jpg 0,153,532,299,0
img-381_jpg.rf.69479c9b59804c60e3e0c7c2269d3712.jpg 56,125,253,308,0
img-478_jpg.rf.688b1641adf5ef0b085c25eb561c127f.jpg 110,155,327,278,0 332,150,397,168,0
img-519_jpg.rf.6ba359e3644a97cd8bffee4cf4a10ea2.jpg 71,143,116,153,0 140,77,176,86,0 181,82,233,94,0 181,127,247,147,0 200,156,264,181,0 67,78,115,85,0 133,57,146,65,0 93,225,282,391,0
img-131_jpg.rf.6bc87513d54494e92b56968b81d290b5.jpg 270,382,373,470,0
img-502_jpg.rf.6ca14a2dbbdbef79d541c9b3cd39f110.jpg 85,52,147,72,0 41,62,88,86,0 0,100,58,121,0 13,116,161,152,0 269,149,449,194,0 18,171,301,299,0
img-498_jpg.rf.6cf9993e84ae2765ea83ad49216e51ca.jpg 15,210,126,247,0 204,170,247,191,0 238,150,276,164,0 284,115,330,130,0 322,97,358,106,0
img-128_jpg.rf.6d1435fcdbcb19d4ff22f1d865026470.jpg 268,202,436,398,0
img-482_jpg.rf.6d284950634fb53dcaffdf5bc57777b2.jpg 231,75,292,88,0 106,111,279,126,0 145,141,396,187,0 98,192,506,285,0
img-560_jpg.rf.6d7310e15cca82d248f956890f2d5185.jpg 115,139,137,150,0 261,125,291,136,0 245,105,258,111,0 181,96,209,104,0
img-359_jpg.rf.6d9d100005eb3f84f3de55b14b854b18.jpg 16,87,145,120,0 40,72,71,84,0 26,124,412,244,0
img-466_jpg.rf.7048299d4afb9d58f9bdbb2ebc74ae85.jpg 195,206,316,259,0
img-352_jpg.rf.7071e9840456e2ef41927696dddb3a5a.jpg 80,132,354,298,0 235,101,279,130,0
img-460_jpg.rf.7287edcc89d46ec826fd4a8d2301c3b1.jpg 153,89,384,129,0 0,193,215,263,0
img-458_jpg.rf.72cb15a746ee92f6714f4ceed305738a.jpg 69,92,339,140,0
img-277_jpg.rf.70a35da45babe2c725dbe4fa639e89d2.jpg 262,293,404,373,0
img-587_jpg.rf.728787c37c5255b92d547db8e9effa4e.jpg 77,183,239,253,0 314,181,359,199,0
img-614_jpg.rf.727f9c1d1159709fea21d916f1a85d66.jpg 167,92,338,294,0 220,37,270,59,0
img-505_jpg.rf.722ce02b299e455f7436b3ebbf0403b6.jpg 165,208,336,279,0
img-607_jpg.rf.72e1f367a8ef39c033eafac3b66f7ea4.jpg 51,99,416,265,0
img-657_jpg.rf.746593ccbdcc4662febd1f520098249a.jpg 6,75,382,231,0
img-253_jpg.rf.7465b1816c7c3025abb42dfb5d1430e1.jpg 240,302,599,396,0
img-324_jpg.rf.74f09e96882cde7edbd59f92e7ecdf02.jpg 209,147,396,279,0
img-346_jpg.rf.7579261f0cdfffb527ad924a9cf86279.jpg 73,102,294,299,0 154,49,210,78,0 244,52,278,72,0 260,77,279,91,0
img-250_jpg.rf.7632980b590d300428e1072e1f13cef1.jpg 128,273,618,480,0
img-317_jpg.rf.770d0c5b7340eea3208d88b0800066da.jpg 142,95,304,185,0
img-304_jpg.rf.766574a013cc869e66df180f60295457.jpg 263,56,502,197,0 0,77,248,255,0
img-600_jpg.rf.75935912aecbd55fa5a0807ceceb02e8.jpg 165,158,327,224,0 234,122,347,162,0 334,85,385,109,0 343,60,387,74,0 351,50,387,60,0
img-157_jpg.rf.764e348f9144fed2fd906c23ff15afe5.jpg 242,259,436,378,0 201,206,265,240,0
img-545_jpg.rf.786788c516d06b428e6c4fbe57a8a703.jpg 235,102,526,196,0 0,132,133,193,0
img-339_jpg.rf.774e42a110ef70cd2e176956b9a25254.jpg 248,100,272,114,0
img-503_jpg.rf.78dc49524b5d013c7c3580e2f88ee8e1.jpg 74,79,522,228,0
img-207_jpg.rf.7a8009c01c21717ead5486e01e2580b2.jpg 182,268,553,502,0 323,568,488,718,0
img-649_jpg.rf.7af50c8bd2d8f17c431910142ef8a569.jpg 119,70,357,174,0 354,204,519,299,0
img-155_jpg.rf.7c1dd28f3db86d175cca8437cece1d08.jpg 419,247,582,377,0 406,473,532,607,0 246,329,308,392,0
img-388_jpg.rf.7ceda8808d1df8e7568c123af5bca8bf.jpg 147,136,224,212,0 177,91,200,103,0
img-252_jpg.rf.7d99b08ebba1e9e530480e62891dbf54.jpg 118,164,310,250,0 509,378,630,451,0 395,445,579,566,0
img-602_jpg.rf.7ea8b9efa93431daf8b5d93df22620ac.jpg 121,111,349,243,0
img-348_jpg.rf.7f69a937375f8585653476522d546025.jpg 4,20,298,299,0
img-285_jpg.rf.7f7cf6ab5dad29d75936719c450faeed.jpg 241,267,455,472,0
img-537_jpg.rf.800a6a93bc8d87ba0889f1706b5e1622.jpg 89,15,328,299,0
img-341_jpg.rf.7e6dcbcdf1805587819dc6cdcab56ac6.jpg 34,203,239,299,0 260,126,311,159,0 382,134,452,172,0
img-414_jpg.rf.7dc1ae061e468ac362211f99e8f9c274.jpg 20,107,326,257,0
img-331_jpg.rf.7e9a42665269c16ef3a3fde22dd626b9.jpg 187,213,282,274,0 201,134,277,161,0 243,109,309,124,0 258,88,303,100,0 233,80,272,90,0 218,73,253,81,0 248,61,272,69,0 138,116,183,130,0 146,104,178,116,0 183,90,210,99,0 125,93,158,103,0 111,106,134,115,0 5,211,50,241,0
img-288_jpg.rf.8067a6a9d79ea3dcb37e47e1e29ef88c.jpg 216,26,282,66,0 330,32,385,57,0 200,178,230,194,0 434,222,528,267,0 308,236,417,286,0
img-48_jpg.rf.80aab2de449196e47a920e6e3e1557ce.jpg 172,300,428,395,0 388,395,488,467,0
img-158_jpg.rf.80110529bda206547f2c5482abfca272.jpg 296,291,461,408,0 157,336,292,421,0
img-274_jpg.rf.816b2e4bda9e51204bf2cd2aa209fe50.jpg 352,239,474,297,0 188,322,418,405,0 140,222,300,291,0
img-475_jpg.rf.826d8251183c671da741c6bbdbc63b7f.jpg 16,33,414,252,0
img-134_jpg.rf.833f57b2c592a23189208dcb656eaaa2.jpg 289,273,421,398,0 124,40,214,120,0
img-403_jpg.rf.8357bd90d082e6c78a660f605c08ad2e.jpg 138,159,490,268,0
img-395_jpg.rf.84ca6b6e04caa7480cfa0287417576b1.jpg 217,145,247,156,0 28,209,113,252,0 161,220,266,262,0
img-228_jpg.rf.8170bf0af3eda9eb2c07bca7884a06a5.jpg 264,265,494,463,0
img-487_jpg.rf.86a0a33407773411060aea00d0e25298.jpg 247,146,421,187,0 81,163,464,299,0
img-259_jpg.rf.86aaa968ce87cb21d2649e95839c244d.jpg 248,242,463,412,0 191,106,254,164,0
img-527_jpg.rf.865da999fbb4399a1124e21bd313a958.jpg 157,179,317,232,0
img-218_jpg.rf.87be625afd1b1536ab3d9f5d0a000751.jpg 263,263,421,434,0 623,67,719,115,0
img-95_jpg.rf.88e456640460ae2424d7881caa5d1f86.jpg 287,232,439,365,0 109,179,258,344,0
img-64_jpg.rf.87f8620de24096f7cceb3e1a38ca2bdf.jpg 208,332,455,475,0
img-625_jpg.rf.8c9886bd3fb9566b5dbd3d1edaa3879a.jpg 61,123,455,197,0 79,196,227,275,0 246,196,474,282,0
img-241_jpg.rf.8d98e10538fa3d678b4af250991b8a94.jpg 206,107,303,165,0 356,200,521,310,0 493,210,643,291,0 333,278,402,314,0 220,319,390,480,0 392,344,526,422,0 419,540,518,682,0
img-547_jpg.rf.8dd4b5b2099318a1bb39ad348cbe0576.jpg 123,152,193,190,0 132,108,245,141,0 34,206,203,338,0
img-467_jpg.rf.8e414b6ccee984d7bc43ec0a140616bb.jpg 119,159,595,224,0
img-123_jpg.rf.8ae4c2726246a3dea5d41f6ba3a64639.jpg 458,266,640,435,0
img-272_jpg.rf.8c1a71784795d3ee8535d76931594c9f.jpg 263,264,469,381,0 577,307,719,384,0
img-263_jpg.rf.892eb0397a70a352b0bc33f6a147d675.jpg 227,240,443,361,0
img-62_jpg.rf.8c5233a41dc5fe17412129d1e9b7ad88.jpg 250,216,381,326,0 210,340,372,505,0
img-581_jpg.rf.8c5c82afd59e6af22ff5a3e3c72aff1f.jpg 65,142,110,159,0 78,166,142,203,0 302,166,401,200,0 364,226,390,236,0 354,245,400,279,0 292,213,349,242,0
img-579_jpg.rf.8ee8008110728a0b1d1198a9f4bbdc74.jpg 0,155,399,283,0
img-422_jpg.rf.8fa888de91dfb1a6c6980d3e8bf0252e.jpg 45,157,445,287,0
img-494_jpg.rf.93aaae7aa17f7a5e7c247cba12a1b73e.jpg 49,39,94,63,0 0,73,29,100,0 92,77,289,231,0 330,137,371,157,0
img-539_jpg.rf.94298de0d2207c7b4cd2bfe4f7e1cb72.jpg 0,115,108,192,0 0,49,39,88,0 180,125,296,146,0 228,148,401,194,0
img-233_jpg.rf.95f53597d4cd6932e86dce9fdbcc54c9.jpg 269,249,469,401,0 379,205,443,247,0
img-249_jpg.rf.9530479784ad79a1ede2b51e62c968b4.jpg 221,291,474,478,0
img-2_jpg.rf.962d887972144063f0280f7969d29c23.jpg 306,233,457,324,0 263,298,362,381,0 189,422,256,502,0
img-185_jpg.rf.98a5add77bc81de0d192cd6c6a50f933.jpg 260,268,482,475,0
img-57_jpg.rf.9992e945c7131d09ceb361ef353dc560.jpg 273,295,436,390,0
img-159_jpg.rf.9a2234e70393ae42ad518c7c34b031c5.jpg 303,303,436,406,0 422,576,480,619,0 224,201,345,287,0
img-393_jpg.rf.9b0541a344853293e9ea03214f6619ce.jpg 156,98,295,141,0 152,197,280,256,0
img-626_jpg.rf.9b8b117edc1728bf995873525c2b7ad5.jpg 113,100,309,156,0 413,75,449,89,0
img-313_jpg.rf.9ba7cf2cdf11c9fe19b4ad52db2ecac7.jpg 48,129,87,142,0 0,145,399,299,0
img-169_jpg.rf.9ad23ea6b668a59c48e362859efe3515.jpg 153,258,464,417,0
img-75_jpg.rf.9a3c8716c1ae12e2c698c1ff62d8aa4c.jpg 284,290,417,397,0
img-63_jpg.rf.9aa76f7292d30d50dd111ad2e580b6fd.jpg 269,258,470,389,0
img-418_jpg.rf.9c8b8c7bb6b6b0bd055e00e59bdd8914.jpg 32,144,87,158,0 0,163,42,186,0 0,226,89,256,0 149,157,237,192,0 275,116,337,138,0 256,94,290,102,0 0,84,38,100,0
img-355_jpg.rf.9cddc7f638d211138c7f3d79550da363.jpg 134,185,181,220,0
img-224_jpg.rf.9cdf248fe4332b59a353f0bc70a0ea01.jpg 256,299,462,470,0
img-295_jpg.rf.9cfbc106f3396aeb13d3f99c391ce64b.jpg 66,109,464,267,0
img-593_jpg.rf.9ecc7604e866912e7cddc0ea1c65d412.jpg 171,183,355,254,0 292,152,485,188,0 368,123,520,160,0
img-374_jpg.rf.9ec3835feb04e376c4bc09ab1c1dde32.jpg 91,195,268,275,0 225,97,348,115,0 0,88,41,96,0
img-141_jpg.rf.9fb75a7f4520090a669516f6c16c105e.jpg 399,443,503,522,0 282,358,426,463,0 206,292,324,379,0 0,167,140,278,0
img-221_jpg.rf.9f0d03d552a78e97c74f75c74be35e38.jpg 256,314,386,400,0 259,131,302,168,0
img-222_jpg.rf.a00c413e9a6bafb705147f7534664ed3.jpg 253,222,444,497,0
img-455_jpg.rf.a114dbe5360a6a272c43a2b4c7cb4bb1.jpg 265,108,322,137,0
img-322_jpg.rf.9fd7d306b3ecd5ae42cdff1b02b0db99.jpg 15,72,439,229,0
img-473_jpg.rf.a2116db1425fc5a7c35a863735f3be83.jpg 64,89,352,190,0
img-484_jpg.rf.a2c2b3415a901a7dd8b0e620a6d0978d.jpg 77,99,149,109,0 201,90,232,101,0 177,115,320,167,0 297,112,377,140,0 12,179,369,297,0
img-167_jpg.rf.a2c9b6a4a769135a8f5f7e671b636ac8.jpg 278,262,469,406,0 165,402,320,499,0 201,55,275,83,0
img-214_jpg.rf.a35d0cd16266cfb261319a66b469ac89.jpg 255,297,401,414,0
img-108_jpg.rf.a35e86abc558a98f252bfc10e49fd6d9.jpg 269,197,441,325,0 231,260,304,327,0 512,186,571,218,0 265,572,383,694,0 671,480,719,543,0
img-314_jpg.rf.a3e7ac0036589996b9c9eb1eb44fb1ad.jpg 110,59,274,262,0
img-39_jpg.rf.a4ba4e9ad51da5bf7e864ca580d09931.jpg 203,210,469,502,0
img-465_jpg.rf.a4bc474c1391ceb5134993ddccf81723.jpg 167,91,481,200,0 158,201,312,246,0 28,259,147,298,0
img-481_jpg.rf.a4d4dc14cb2e64612726574f736960bb.jpg 21,186,383,261,0
img-13_jpg.rf.a4db51428d0461f9ed82e12eb6d87a03.jpg 159,287,395,432,0 268,149,498,218,0 489,26,593,64,0 618,10,692,38,0
img-165_jpg.rf.a4b4be5d004a62f1bbf126232edb2785.jpg 224,310,485,445,0
img-354_jpg.rf.a4fcd1798fe466fa035172521e93fe6d.jpg 107,197,169,218,0 189,163,280,192,0 259,248,332,278,0 81,283,164,299,0 319,202,358,213,0
img-557_jpg.rf.a5b8313b9acd22b69d558f6f3c46d433.jpg 146,141,245,185,0
img-392_jpg.rf.a74441b6f7c2332e3e553548670a315b.jpg 214,190,300,209,0 204,285,394,299,0
img-333_jpg.rf.a795e5b4a275dca433e557d9dfd6acec.jpg 0,178,25,194,0 0,160,54,172,0 73,166,111,178,0 101,193,224,234,0
img-413_jpg.rf.a81aa42a7782099f9921156e3161a2a9.jpg 77,155,162,173,0 235,122,321,136,0 276,146,400,176,0
img-6_jpg.rf.a961e413341cc4216cddc1c46e76d13f.jpg 275,214,442,356,0 263,321,501,607,0
img-613_jpg.rf.ab3099bb3ff23deff31985fc9ffd1fc0.jpg 105,98,396,213,0 227,214,289,265,0 18,47,116,75,0
img-562_jpg.rf.ab7bdf89e5af687b9314b09ddcd3830d.jpg 163,109,196,127,0 184,258,227,299,0
img-187_jpg.rf.a5d70ec1463db2d5d0c48ef494605977.jpg 232,281,471,419,0
img-636_jpg.rf.a6173bddbf7d20589954172debd64256.jpg 131,157,287,187,0 200,127,289,143,0 242,109,271,118,0 321,107,380,128,0 378,146,449,183,0 0,225,148,281,0 301,74,316,84,0
img-342_jpg.rf.a635f2b522f97763152361b6b7e92ab5.jpg 0,142,374,299,0
img-383_jpg.rf.abedcd4fce7e8e17889e1bd4274447ba.jpg 48,156,98,171,0 98,181,137,199,0 150,152,193,165,0 244,167,298,185,0 141,212,286,252,0 0,126,50,137,0 115,121,144,129,0
img-328_jpg.rf.ac423267e0e078bbc60d0e6960c5167c.jpg 206,215,255,233,0 151,201,183,211,0 54,250,189,286,0 144,230,184,246,0
img-109_jpg.rf.add373710d0d425bd9340c33878e7d42.jpg 336,243,450,336,0 281,361,453,527,0 59,427,227,521,0
img-270_jpg.rf.ae32377ec34641192544670bf004739e.jpg 272,281,419,374,0 0,65,134,119,0
img-419_jpg.rf.afba61803c37a1b0e4e3232dafb7be72.jpg 0,160,153,299,0 207,13,343,200,0
img-139_jpg.rf.af2a2cdcef3c3e01d9ad30e9f058e93e.jpg 277,259,428,396,0
img-396_jpg.rf.af26b72d42bbf054aee8f62025ea2bf8.jpg 0,38,532,245,0
img-559_jpg.rf.b1a2ceed9c2d8dc113f4ee9c8fff530c.jpg 267,41,468,196,0 0,257,46,299,0
img-38_jpg.rf.afd62a6bd8518395cf339db67500b1e1.jpg 238,219,464,446,0 396,167,461,210,0
img-242_jpg.rf.b18c9a478cd5489f76390ff90e9155dc.jpg 213,316,486,473,0
img-407_jpg.rf.b30b42dfc9436ec4303a76932d9387cb.jpg 65,183,127,195,0 37,217,103,241,0 150,232,268,286,0 297,179,342,191,0 307,207,378,230,0 364,243,399,283,0 161,141,234,155,0 109,125,134,136,0 158,104,191,112,0
img-372_jpg.rf.b3b86d6dfb24732444b95825c42f9422.jpg 140,156,309,250,0
img-143_jpg.rf.b4553a89ca02d904d7d3d8b601d92033.jpg 274,317,440,425,0
img-90_jpg.rf.b470c7ecb31eaa9a524688e45287351f.jpg 263,336,475,490,0
img-76_jpg.rf.b2486fa34ebf8ebbee2850ff4c02be4a.jpg 193,210,376,358,0 318,322,460,485,0
img-476_jpg.rf.b7bf5047096c34127a33e35decef5680.jpg 63,154,130,184,0 286,134,320,149,0 296,175,337,204,0 258,231,324,273,0
img-639_jpg.rf.b8377ab028151caa99b7ec0164b1e1cc.jpg 91,27,382,102,0
img-283_jpg.rf.b8c7a6ea440f9683c3f76d5754599a4f.jpg 214,268,426,421,0 440,223,495,273,0 102,111,210,158,0
img-15_jpg.rf.b937fa68f73a1ee37d832a279f432941.jpg 248,321,461,432,0
img-532_jpg.rf.b99ffab41211fcaa201cbdf921f29b5c.jpg 200,195,335,299,0 227,149,305,175,0
img-215_jpg.rf.b5e67b3aafeb154d5c904a6c663718b7.jpg 212,201,370,372,0
img-73_jpg.rf.b63f566c3ddb5514f3fc2a1dd9ba40ec.jpg 235,324,473,515,0 248,81,403,136,0
img-11_jpg.rf.b7a2e18571a53d7512f101f224b7c794.jpg 222,244,465,488,0
img-114_jpg.rf.b58901654a45a559a41ffaa25f1bf741.jpg 270,259,402,372,0
img-548_jpg.rf.ba5c7c94f831b7c84f8e41d7d30530fc.jpg 123,118,302,204,0 324,86,352,101,0
img-574_jpg.rf.bb4440939828e45cfc00da0f7231dde8.jpg 260,193,468,229,0 86,157,236,184,0 49,134,146,154,0 177,121,265,135,0 38,106,88,116,0 0,99,22,108,0 239,70,289,78,0 274,51,342,57,0 302,137,350,154,0
img-74_jpg.rf.bbb7822c260ad0c8f9f4e361c534329c.jpg 310,321,414,377,0
img-40_jpg.rf.bbdba0361130b13cc0e77e2f80b6e3d7.jpg 269,223,477,476,0
img-488_jpg.rf.bc6f57054dc22bbd98ba111e8b50f154.jpg 190,162,218,185,0 183,195,390,249,0
img-554_jpg.rf.bd50fd0a9719bf9dc5a1e028c7a74b5a.jpg 181,162,268,190,0 107,149,182,169,0 42,125,130,146,0 14,211,203,252,0 149,253,256,296,0 323,231,408,251,0 131,128,230,144,0
img-565_jpg.rf.bd70802866f547c938d6d3107ac92f47.jpg 0,83,387,255,0
img-404_jpg.rf.be12da25b2c38b58291a3a7fe817ef57.jpg 164,89,388,265,0 89,149,135,173,0 56,88,102,117,0
img-412_jpg.rf.c3344901cc1646179c93d2e8cd1b4444.jpg 142,159,330,272,0 0,129,50,153,0
img-186_jpg.rf.c354a07266904a6e8212056359600aec.jpg 121,315,411,452,0 440,262,683,384,0
img-375_jpg.rf.bf26033ba64d588063cee3a0c97616db.jpg 104,224,199,259,0 161,186,215,198,0
img-255_jpg.rf.bfdc24d35627656fe644e3a7121c65fa.jpg 281,311,418,367,0
img-361_jpg.rf.be4588f913f1e787f897058202e2b1c6.jpg 245,57,492,237,0
img-316_jpg.rf.c144f8327780a2f710a79c3c2b5d0f07.jpg 37,96,266,251,0
img-470_jpg.rf.c1aa523b26fb96e39f98ab0eaef42516.jpg 51,76,179,140,0
img-599_jpg.rf.c4e70e02e8afab3aa00ef5e1b88950ba.jpg 1,126,60,147,0 182,125,209,138,0 284,65,329,83,0 332,88,380,98,0 320,106,348,115,0 268,86,295,96,0 241,161,287,181,0 174,181,259,214,0 320,154,344,164,0 308,185,415,212,0 326,227,420,283,0 367,147,432,177,0
img-360_jpg.rf.c4d38dde7ae1c773e6b3fb8e5d75bb77.jpg 120,272,218,346,0 177,399,259,434,0 188,260,261,294,0 208,233,299,250,0 135,201,223,219,0 133,190,215,197,0 130,170,171,179,0
img-508_jpg.rf.c5747e8e3af0ece987ca5af6d0819338.jpg 236,34,362,76,0 73,4,169,27,0 61,33,188,76,0 183,84,276,125,0 294,122,401,162,0 351,202,513,287,0 84,151,288,241,0 365,29,444,54,0 438,52,532,86,0 319,0,407,18,0
img-70_jpg.rf.c64a3fa4382e8482aa49dd4c38c7012b.jpg 254,249,455,355,0 455,286,544,349,0
img-464_jpg.rf.c69c0cd9a27ebec152f2ca43dd39ddd2.jpg 216,108,508,294,0
img-302_jpg.rf.c7375ad32e8d0337bd7d27034f3764eb.jpg 31,89,258,261,0
img-256_jpg.rf.c762541217b28d3470b203beabf29bf7.jpg 222,386,381,576,0 332,53,428,151,0
img-641_jpg.rf.c5579ea692508c43b5c0cd56cb9bbca1.jpg 12,86,201,172,0
img-644_jpg.rf.c846835a4c152cbd22581385edfc421a.jpg 100,27,243,63,0 103,82,195,137,0 28,162,247,360,0
img-523_jpg.rf.c78c71adc175d5e3eb103a96a87b7dbb.jpg 88,137,327,214,0 27,114,92,135,0
img-345_jpg.rf.cb2f7a70ab689aee871ec218ca2a1c17.jpg 97,197,417,236,0 0,277,97,299,0
img-164_jpg.rf.cb6665fd71f9ea53c23dc545be31d2e1.jpg 219,285,488,423,0
img-293_jpg.rf.ca6c3ef3ac903d9e5263cc24099bbb61.jpg 160,134,263,184,0 297,81,344,97,0 101,108,160,128,0 51,214,123,244,0
img-530_jpg.rf.cbb192f42b0fcae349cd1e320c1ab748.jpg 0,14,58,53,0 55,0,137,15,0 138,0,296,40,0 333,0,496,41,0 235,49,354,101,0 90,92,216,142,0 226,124,459,237,0 0,183,156,284,0
img-127_jpg.rf.cda9134fdf2c217082118b38d27fd7ee.jpg 356,305,536,397,0 220,328,325,410,0 320,416,503,551,0
img-71_jpg.rf.cdf11db31e4a7deb2eb646717b72088f.jpg 289,326,434,442,0 637,540,719,589,0
img-618_jpg.rf.cc7c6c35a47a453b2b1347c6525691bb.jpg 115,136,184,201,0 212,223,327,299,0 309,179,344,218,0 247,68,299,92,0 243,99,322,184,0 299,51,334,101,0 269,46,297,56,0
img-234_jpg.rf.cf4a8f8c19d33c53f38d6a19b3dd054b.jpg 297,322,409,402,0
img-298_jpg.rf.cf838b3dd4c5b5cc89710916246f3a87.jpg 103,82,220,126,0 264,124,331,154,0
img-526_jpg.rf.cfd028e96dd550e97745603cab99f3fe.jpg 104,151,223,183,0 93,121,151,151,0 36,145,76,157,0 32,169,138,219,0 74,218,271,253,0 246,178,406,251,0 324,267,364,299,0 355,143,400,153,0 299,153,371,187,0 256,138,345,153,0
img-49_jpg.rf.d01d16f6ca4e230e7b2e1e35f8288e02.jpg 238,301,490,523,0 109,134,256,207,0
img-549_jpg.rf.d04eac44dedf21eed1fe6c98d095ac60.jpg 204,148,367,214,0 309,102,376,135,0
img-366_jpg.rf.d13288366b0bb14beace0ba289956039.jpg 8,122,386,246,0
img-87_jpg.rf.d1b29f2a180c61b7f586070108949c9e.jpg 234,264,439,529,0
img-193_jpg.rf.d2949c3bad35af6229b470554825cd54.jpg 271,346,360,399,0 565,379,637,417,0
img-444_jpg.rf.d2c0751cc106650d2aac5fa76a15d521.jpg 157,150,231,192,0 194,116,236,135,0 326,134,400,162,0 410,154,453,166,0 307,157,361,185,0 243,218,379,299,0 130,85,151,94,0 112,78,126,83,0
img-442_jpg.rf.d31f41baf9027c5d39e36f2a3403bc93.jpg 162,128,271,196,0
img-205_jpg.rf.d1f737acba43ae7bf7374d2191904719.jpg 273,165,714,383,0 0,411,325,606,0
img-121_jpg.rf.d202af2960b0bb1928539a6fcb3cdbfd.jpg 158,229,330,351,0 269,367,497,546,0 522,497,579,557,0
img-437_jpg.rf.d2615be876ea3a1d9fa99d3039c97756.jpg 0,107,532,256,0
img-229_jpg.rf.d4582c3c84f78d8304ed684e4af48594.jpg 278,267,398,337,0 319,315,489,425,0 0,549,122,672,0
img-405_jpg.rf.d5138c07ca2b4fc213fc12a978cbf6f8.jpg 77,200,190,298,0 0,103,130,169,0 131,123,172,150,0 194,155,312,226,0 202,110,310,149,0 243,83,301,104,0 158,79,209,95,0 367,162,399,194,0
img-606_jpg.rf.d525667a91c953bc458519a76afc2ca2.jpg 190,48,410,299,0
img-237_jpg.rf.d68dadf35426df3831bf5af536b2ebde.jpg 250,190,508,396,0 212,218,332,300,0 155,375,220,418,0 0,561,101,661,0 687,410,719,499,0
img-575_jpg.rf.d6b69bda83c57f9464d9a9a7e6f972f7.jpg 46,86,170,144,0 206,59,352,77,0 233,47,335,56,0 188,105,312,133,0 116,162,387,266,0
img-459_jpg.rf.d767fa292e69f79fbb81604f24209de2.jpg 15,127,169,153,0 254,166,510,235,0
img-111_jpg.rf.d7e58630e249c45d8c1d564d847dc236.jpg 336,264,424,318,0 236,317,401,469,0 10,488,91,595,0
img-518_jpg.rf.d8c4c35beb02b2b9c58b348b1a18227c.jpg 117,110,432,229,0
img-172_jpg.rf.d849de955bfb8608552f1adf347f3ef1.jpg 207,68,383,142,0 12,183,104,272,0 0,0,76,60,0 37,0,170,38,0 222,341,575,557,0
img-642_jpg.rf.d948fea937b446e71e3c93417aad9211.jpg 85,134,172,158,0 76,208,246,300,0 217,329,293,380,0
img-435_jpg.rf.d9ff2d1d19d49c2a96663dcaa4a83330.jpg 334,226,515,281,0
img-178_jpg.rf.d97b9cc2a1e25824ea668642fe4df36e.jpg 260,314,452,416,0 11,411,162,490,0 0,342,76,407,0
img-630_jpg.rf.daa4c95b49226642dd5f9fa9d0d5b857.jpg 31,163,305,282,0 256,122,358,156,0
img-330_jpg.rf.d9de506be8be5a379c88f7fe78ca8253.jpg 24,181,245,385,0 78,28,215,91,0
img-573_jpg.rf.da9254336436b337c14edd7cb0bb7c39.jpg 74,121,451,203,0
img-555_jpg.rf.dba58c9ee204b9fe294a6b780157c109.jpg 134,134,311,199,0
img-416_jpg.rf.dbafb3032c842862507a7c18c2df2b7d.jpg 41,63,145,95,0 143,109,370,210,0
img-462_jpg.rf.dc1cdd58947aa0f7d172ad76e4834de7.jpg 186,202,314,271,0
img-340_jpg.rf.dc85eeca2369ccd5e0f6e81ae6a9482a.jpg 6,73,216,136,0 205,105,449,150,0
img-86_jpg.rf.dbe8b3ed795b7a898d4fd37b08227003.jpg 229,281,394,394,0 356,377,513,463,0
img-9_jpg.rf.de0e0920eee97f99bfa4d5a2ed29d82e.jpg 263,288,479,415,0 387,36,497,83,0
img-571_jpg.rf.df521aa0f45aa986a3e937de4083272e.jpg 171,151,208,164,0 24,219,106,272,0 86,251,130,282,0 151,205,200,232,0 203,211,253,236,0 281,220,322,239,0 235,248,283,278,0 158,252,210,285,0 180,284,248,299,0 304,272,372,297,0 233,165,256,177,0 215,160,234,166,0 240,136,322,176,0 325,177,498,247,0 463,245,532,299,0
img-609_jpg.rf.e036fb262fec0db3c7c37622e7fcbcfd.jpg 33,151,111,177,0 85,140,320,288,0 270,62,314,73,0 253,73,393,113,0 390,119,399,139,0
img-202_jpg.rf.e0f6ad1db0c11daafb4625b1b6678faa.jpg 291,373,371,450,0 284,295,407,375,0 301,235,412,291,0 293,46,379,157,0 151,508,203,563,0 38,480,94,588,0 296,669,369,717,0
img-605_jpg.rf.dcd6b582a432a5bbce6b276057ef3660.jpg 69,75,381,264,0
img-439_jpg.rf.e2750e5ed7bfd8910e9addda51e0c6dd.jpg 88,72,554,236,0 330,55,407,87,0 385,17,516,43,0
img-58_jpg.rf.e1472bdd09e11193dfe82afc2a0b6e9f.jpg 248,296,401,415,0 95,131,219,190,0 481,5,535,44,0
img-188_jpg.rf.e25310df0413037e398729953a4e8240.jpg 265,226,409,328,0 298,348,429,437,0 431,257,587,349,0
img-261_jpg.rf.e3583096f4d7e2a182149ba9afbcfc92.jpg 212,250,482,408,0
img-401_jpg.rf.e3fe79f6f1c41b1dd0ce8ea904b39401.jpg 154,188,465,238,0
img-292_jpg.rf.e4018e1f8e44152360a48e5232297f2a.jpg 4,137,163,238,0 21,16,64,32,0 19,0,58,7,0
img-659_jpg.rf.e4113ec56c93406c8d26fde5a8d88a73.jpg 92,172,461,242,0
img-297_jpg.rf.e43461bec653e71c229ca2c309aca359.jpg 270,121,308,140,0 287,107,320,125,0 244,95,286,109,0 182,141,332,188,0 88,200,406,297,0
img-265_jpg.rf.e4c76dcfe49ab14372397a9ff5f153e8.jpg 37,353,111,416,0 320,310,562,432,0 80,197,240,302,0
img-99_jpg.rf.e4e00fb5fb002d3813a2acb346473620.jpg 227,268,477,473,0
img-232_jpg.rf.e586c2966df762ffc459b84153da5380.jpg 316,159,409,235,0 220,494,390,663,0 91,14,134,41,0 411,0,477,40,0
img-546_jpg.rf.e5e035a777a3e271af95989cdc07132a.jpg 209,193,366,250,0
img-51_jpg.rf.e76dba0e33058fcd7ac509c0e2fbf0ce.jpg 272,283,438,386,0 388,386,489,492,0
img-191_jpg.rf.e82152e059f62a6559daedf1d1ae62a3.jpg 270,334,466,493,0 271,236,392,296,0 162,401,234,445,0
img-45_jpg.rf.e872f0163ffadc7f06542bdf9d17d8bb.jpg 244,298,421,396,0
img-126_jpg.rf.eab9b684c8570533e5cd43517776eeec.jpg 225,283,460,415,0 478,146,559,210,0 0,208,47,234,0
img-10_jpg.rf.eaceaaa6f119cf6eb49edc1bc92efaa2.jpg 284,213,443,354,0
img-663_jpg.rf.eacecce4c5b4615ad0dbe455777e1547.jpg 27,112,138,149,0 60,150,125,180,0 134,171,195,209,0 50,227,158,275,0 223,126,249,143,0 266,73,319,97,0 116,52,144,61,0 230,18,252,28,0 250,47,274,54,0 258,55,283,60,0
img-115_jpg.rf.ebc1ec2d7bb5caf80d06511d74f9e2da.jpg 229,274,453,393,0
img-138_jpg.rf.ec6549719f138be69aa49f6cdc068227.jpg 323,311,437,367,0
img-309_jpg.rf.e8b8a5e1969e8e71b448aa7c83206264.jpg 0,57,528,206,0
img-258_jpg.rf.e8fb0662316d1be8867dd41fbee5ddde.jpg 259,305,464,410,0
img-332_jpg.rf.edbf67c28f12aff498f83cff3736dd97.jpg 118,200,357,246,0 145,158,234,171,0 277,134,398,145,0 134,89,271,110,0 158,58,214,68,0
img-175_jpg.rf.edaa0f7c577755474ff285ff38eec09e.jpg 177,229,404,437,0 391,276,534,468,0 415,17,497,94,0
img-552_jpg.rf.ec9f1bee01c43e917639e624ebacc332.jpg 87,98,244,190,0 0,210,122,274,0 281,136,381,173,0 282,170,382,210,0 274,205,361,281,0 225,95,330,132,0 235,74,297,91,0 117,39,186,60,0 195,47,265,70,0 268,34,323,61,0 242,21,284,36,0 196,15,243,27,0 152,22,199,35,0 87,29,121,39,0 104,16,129,22,0 113,4,136,10,0 140,8,164,16,0
img-148_jpg.rf.eddf84184c0a99958850113c36e7b754.jpg 253,245,384,382,0 662,120,719,160,0
img-580_jpg.rf.ef207bf01374eb491f8d0145ce0a76a4.jpg 145,195,201,221,0 156,167,184,180,0 230,242,288,268,0
img-507_jpg.rf.f161c791b6cc6f2f522aeacfb0b1d80d.jpg 173,199,274,222,0 40,151,241,189,0 69,138,126,147,0 62,106,176,134,0 119,58,248,77,0 110,28,245,46,0 121,17,233,29,0
img-665_jpg.rf.f1b7ae957b1b1d8c1da0a36309e1f6e2.jpg 113,128,283,196,0
img-160_jpg.rf.ef4e05f9ef187938ab9bd0321c4dcf4d.jpg 490,0,682,164,0 370,288,522,427,0 232,394,442,540,0 580,130,692,231,0
img-54_jpg.rf.f2eb8e6eddfbada99ebc025c400123b6.jpg 244,295,497,505,0
img-101_jpg.rf.f213d98946c4f8858a5bf3200c89e39c.jpg 227,302,393,431,0 396,316,553,410,0
img-662_jpg.rf.f3cd9beffc2c8a24cae595095d375a19.jpg 168,204,238,232,0 215,240,259,266,0 292,243,336,276,0 259,165,305,182,0 156,143,179,152,0
img-150_jpg.rf.f3ebd01cb708363657a8f21645c06c39.jpg 215,278,558,399,0
img-589_jpg.rf.f5c99c482282385a102f43a01d51cbc6.jpg 140,232,202,261,0 200,218,237,235,0 86,171,146,195,0 180,170,211,184,0 235,174,271,184,0 300,172,322,182,0 230,168,283,176,0 174,141,212,155,0 77,140,93,147,0 122,144,151,156,0 153,129,167,136,0 319,215,407,245,0
img-267_jpg.rf.f50b4eccea93fe17ebcf2e4076140c88.jpg 263,280,377,355,0 329,350,451,514,0 66,351,260,493,0 606,0,719,34,0
img-489_jpg.rf.f4699ee74f2e8fb7170294124cc4fbb6.jpg 0,80,178,225,0 0,245,65,281,0
img-377_jpg.rf.f7a5ae59d67aa24154dbe3931405fc57.jpg 234,52,283,61,0 134,132,391,258,0
img-595_jpg.rf.f7d0b11ae9ac53ec52b154e001c576e1.jpg 161,154,240,213,0 32,214,163,297,0 191,263,290,299,0 252,203,299,244,0 44,112,161,161,0 183,105,229,125,0 242,116,284,146,0 284,145,299,163,0 165,47,211,63,0 116,74,173,93,0 108,60,133,71,0 36,58,94,79,0 193,32,223,43,0 156,26,196,38,0 65,37,139,57,0 198,10,252,31,0 150,95,191,111,0 197,79,216,90,0 0,197,25,229,0
img-506_jpg.rf.f72b3b75b27b51787cb4db96b7e07ff0.jpg 66,149,322,271,0
img-483_jpg.rf.f6a3c845bd1d570af65d49dca73bc342.jpg 73,38,306,271,0
img-18_jpg.rf.f79a657ff81d70927c469283a9e0a262.jpg 268,214,404,300,0 308,331,486,420,0 133,486,217,545,0 54,107,146,151,0 0,79,51,110,0
img-26_jpg.rf.f941793f07a3bc5dda0723a0d30041ee.jpg 287,295,433,410,0 661,319,719,368,0
img-56_jpg.rf.f8fd2a331afb8baf1cd530144b8dcbf0.jpg 267,274,456,375,0 410,72,450,89,0
img-441_jpg.rf.f99cdb8fbd1cff1a5778200efd2e7b07.jpg 165,113,340,168,0 417,159,483,183,0 133,103,165,114,0
img-197_jpg.rf.f9b2583df29a86d60bcfe3eea1dab4e9.jpg 337,345,484,442,0 458,319,538,374,0 204,399,363,523,0
img-617_jpg.rf.fa415edc42afffb71b94117a8200b43a.jpg 209,206,271,222,0 248,206,284,242,0 83,244,286,296,0 173,185,208,197,0 165,168,213,175,0
img-521_jpg.rf.fa689c56eb3cd78ed57d84143cbe8d25.jpg 40,129,282,223,0
img-471_jpg.rf.fbadb2fbf6289251aa19248169f4b835.jpg 124,199,213,231,0 236,236,288,272,0 207,182,253,201,0 199,163,236,178,0 153,175,191,190,0 150,147,184,157,0 214,138,279,150,0 270,149,309,161,0 193,126,228,134,0 0,184,62,210,0 32,168,72,181,0 49,154,94,169,0 84,137,111,144,0 110,127,138,134,0 85,114,128,123,0 138,101,179,109,0 129,109,155,115,0 193,113,216,119,0
img-52_jpg.rf.f95bed5b5d7b75aca48be59a17751be5.jpg 288,296,498,422,0 261,419,359,477,0
img-129_jpg.rf.fbd5c4841019062274b4e9d1daeab4c3.jpg 247,284,350,373,0 328,377,426,430,0
img-325_jpg.rf.fc14997c5d5d229bcb148997947b64b5.jpg 91,127,134,148,0 154,73,251,114,0 324,58,374,73,0 305,77,352,102,0 334,113,374,135,0 421,191,530,272,0
img-584_jpg.rf.fc44d8fdba9c7b8af37faaa753133602.jpg 93,76,388,274,0 366,6,447,61,0
img-124_jpg.rf.fdc89fc9a29a16b57ad54dd3c63e7952.jpg 168,31,268,79,0 212,235,503,491,0 455,328,574,449,0 512,217,553,246,0 518,32,606,145,0 59,183,149,242,0 236,0,272,24,0
img-194_jpg.rf.fe81115eda78ee8dcefcbc08dcdc17ef.jpg 260,289,468,418,0
img-425_jpg.rf.ff4c598bfc259fbbb8f8d0e3a6eff1fb.jpg 88,200,222,249,0 229,164,385,194,0
img-156_jpg.rf.ff820d5c1ff5fc1a1fc27fa5647cc146.jpg 203,254,451,424,0 447,144,572,192,0